OHH REALLY CLICKED THE LINK?
OKAY THEN:

Happiness is not a thing 
that you look for but 
a state of mind, once 
you understand what it means to 
you, you would realise that you 
were always living that...




I GOT SOMETHING MORE...

01010111 01100101 01101100 01101100
00100000 01101000 01100101 01110010 
01100101 00100000 01101001 01110011 
00100000 01100001 00100000 01101101 
01100101 01110011 01110011 01100001 
01100111 01100101 00100000 01100110 
01101111 01110010 00100000 01111001 
01101111 01110101 00101110 00101110 
00101110 00001010 01000100 01101111 
00100000 01111001 01101111 01110101 
00100000 01101011 01101110 01101111 
01110111 00100000 01110111 01101000 
01100001 01110100 00100000 01101000 
01100101 01111000 01100001 01100100 
01100101 01100011 01101001 01101101 
01100001 01101100 00100000 01101001 
01110011 00111111 00001010 00001010 
01011000 01101111 01110010 00100000 
01110100 01101000 01101001 01110011 
00111010 00001010 00110101 00110010 
00110110 00110001 00110110 00110100 
00110110 00111000 00110110 00110101 
00110111 00111001 00110010 00110000 
00110101 00110010 00110110 00110001 
00110110 00110100 00110110 00111000 
00110110 00110101 00110111 00111001 
00110010 00110000 00001010 01010111 
01101001 01110100 01101000 00100000 
01110100 01101000 01101001 01110011 
00111010 00001010 00110100 01100110 
00110110 01100010 00110110 00110001 
00110111 00111001 00110010 00110000 
00110110 01100001 00110111 00110101 
00110111 00110011 00110111 00110100 
00110010 00110000 00110110 00110001 
00110010 00110000 00110110 01100011 
00110110 00111001 00110111 00110100 
00110111 00110100 00110110 01100011 
00110110 00110101 00110010 00110000 
00110110 00110010 00110110 00111001 
00110111 00110100 00110010 00110000 
00110110 01100100 00110110 01100110 
00110111 00110010 00110110 00110101
00110010 00110000 00110011 01100001 
00110010 00111001 00110000 01100100 
00110000 01100001 00110011 00110100 
00110011 00111001 00110011 00110010 
00110011 00110000 00110011 00110110 
00110110 00110001 00110011 00110111 
00110011 00110101 00110011 00110111 
00110011 00110011 00110011 00110111 
00110011 00110100 00110011 00110010 
00110011 00110000 00110011 00110111 
00110011 00110111 00110011 00110110 
00110011 00110001 00110011 00110110 
00110110 00110101 00110011 00110110 
00110110 00110101 00110011 00110110 
00110011 00110001 00110011 00110010 
00110011 00110000 00110011 00110111 
00110011 00110011 00110011 00110110 
00110011 00110001 00110011 00110111 
00110011 00111001 00110011 00110010 
00110110 00110011 00110011 00110010 
00110011 00110000 00110011 00110101 
00110011 00111001 00110011 00110110 
00110110 00110110 00110011 00110111 
00110011 00110101 00110011 00110010 
00110011 00110000 00110011 00110110 
00110011 00110001 00110011 00110111 
00110011 00110010 00110011 00110110 
00110011 00110101 00110011 00110010 
00110011 00110000 00110011 00110111 
00110011 00110011 00110011 00110110 
00110110 00110110 00110011 00110010 
00110011 00110000 00110011 00110110 
00110110 00110101 00110011 00110110 
00110011 00111001 00110011 00110110 
00110011 00110011 00110011 00110110 
00110011 00110101 00110011 00110010 
00110110 00110011 00110011 00110010 
00110011 00110000 00110011 00110110 
00110011 00110010 00110011 00110110 
00110011 00110101 00110011 00110010 
00110011 00110000 00110011 00110110 
00110110 00110101 00110011 00110110 
00110011 00111001 00110011 00110110 
00110011 00110011 00110011 00110110 
00110011 00110101 00110011 00110010 00110011 00110000 00110011 00110110 00110110 00110011 00110011 00110110 00110011 00111001 00110011 00110110 00110110 00110010 00110011 00110110 00110011 00110101 00110011 00110010 00110011 00110000 00110110 00110101 00110101 00110101 00110101 00110010 00110101 00110000 00110101 00110011 00110100 00110000 00110001 00110111 00110110 00110001 00110101 00110011 00110000 00110001 00110101 01100001 00110000 00110000 00110100 01100010 00110100 00110101


BINARY?
OKAY YOU GOT THIS
YOUR JOURNEY BEGINS...
